a 0.21705 0.46515 -0.46757 0.10082 1.0135 0.74845 -0.53104 -0.26256 0.16812 0.13182 -0.24909 -0.44185 -0.21739 0.51004 0.13448 -0.43141 -0.03123 0.20674 -0.78138 -0.20148 -0.097401 0.16088 -0.61836 -0.18504 -0.12461 -2.2526 -0.22321 0.5043 0.32257 0.15313 3.9636 -0.71365 -0.67012 0.28388 0.21738 0.14433 0.25926 0.23434 0.4274 -0.44451 0.13813 0.36973 -0.64289 0.024142 -0.039315 -0.26037 0.12017 -0.043782 0.41013 0.1796
afraid 0.37362 -0.6888 0.32082 -0.88431 0.42914 -0.3044 0.13931 1.0005 -0.67064 0.088319 -0.20479 0.12892 -0.26046 -0.3341 0.87835 0.84475 0.55721 0.15627 0.37446 -0.38521 -0.443 0.85414 0.42531 0.78125 0.9641 -1.8613 -0.68612 0.067678 1.129 -0.62213 1.7661 0.6503 -0.25383 -0.51738 -0.58876 -0.365 0.012852 -0.58563 0.13411 -0.44282 -0.52294 -0.047318 0.33116 0.49953 0.83104 0.046049 -0.55324 -0.47594 -0.002599 0.54517
and 0.26818 0.14346 -0.27877 0.016257 0.11384 0.69923 -0.51332 -0.47368 -0.33075 -0.13834 0.2702 0.30938 -0.45012 -0.4127 -0.09932 0.038085 0.029749 0.10076 -0.25058 -0.51818 0.34558 0.44922 0.48791 -0.080866 -0.10121 -1.3777 -0.10866 -0.23201 0.012839 -0.46508 3.8463 0.31362 0.13643 -0.52244 0.3302 0.33707 -0.35601 0.32431 0.12041 0.3512 -0.069043 0.36885 0.25168 -0.24517 0.25381 0.1367 -0.31178 -0.6321 -0.25028 -0.38097
angry 0.005069 -0.74783 0.14108 -0.84805 0.24027 0.13324 -0.34891 1.131 -1.5416 0.25519 -0.84793 -0.64306 0.35284 -0.3784 0.6538 -0.27875 -0.096626 0.056483 -0.17859 -0.87091 -0.17246 1.0938 0.067566 0.52121 0.80913 -1.8063 0.36117 0.55479 0.28173 -0.041344 2.0246 0.42743 0.36946 -0.35784 -1.0362 -0.16665 -0.0781 -1.5467 -0.38906 -0.28496 0.11567 0.6297 -0.48685 0.36862 1.4771 -0.021729 -1.1459 0.060983 -0.29921 -0.34347
apple 0.52042 -0.8314 0.49961 1.2893 0.1151 0.057521 -1.3753 -0.97313 0.18346 0.47672 -0.15112 0.35532 0.25912 -0.77857 0.52181 0.47695 -1.4251 0.858 0.59821 -1.0903 0.33574 -0.60891 0.41742 0.21569 -0.07417 -0.5822 -0.4502 0.17253 0.16448 -0.38413 2.3283 -0.66682 -0.58181 0.74389 0.095015 -0.47865 -0.84591 0.38704 0.23693 -1.5523 0.64802 -0.16521 -1.4719 -0.16224 0.79857 0.97391 0.40027 -0.21912 -0.30938 0.26581
artist -0.91093 0.99808 -0.71439 -0.23005 0.60838 0.59341 -1.4852 -0.52983 -0.4031 1.3029 0.84146 0.32296 0.26409 0.75852 0.68207 -0.7824 0.51879 -0.10479 -0.048727 -0.052309 0.43649 0.81105 -0.72338 0.17004 0.51888 -0.61165 -1.4415 -0.82572 -0.48894 -0.54114 1.9321 -1.3069 0.2494 -0.94673 -0.056785 0.6197 0.2248 0.59579 -0.23152 -0.64833 0.79133 0.5048 -0.035264 -1.298 0.30394 -0.57075 -0.25141 -1.3414 -0.33598 0.37173
banana -0.25522 -0.75249 -0.86655 1.1197 0.12887 1.0121 -0.57249 -0.36224 0.44341 -0.12211 0.073524 0.21387 0.96744 -0.068611 0.51452 -0.053425 -0.21966 0.23012 1.043 -0.77016 -0.16753 -1.0952 0.24837 0.20019 -0.40866 -0.48037 0.10674 0.5316 1.111 -0.19322 1.4768 -0.51783 -0.79569 1.7971 -0.33392 -0.14545 -1.5454 0.0135 0.10684 -0.30722 -0.54572 0.38938 0.24659 -0.85166 0.54966 0.82679 -0.68081 -0.77864 -0.028242 -0.82872
bank 0.66488 -0.11391 0.67844 0.17951 0.6828 -0.47787 -0.30761 0.17489 -0.70512 -0.55022 0.1514 0.10214 -0.45063 -0.33069 0.056133 1.2271 0.55607 -0.68297 0.037364 0.70266 1.9093 -0.61483 -0.83329 -0.3023 -1.1118 -1.55 0.2604 0.22957 -1.0375 -0.31789 3.5091 -0.25871 1.0151 0.65927 -0.18231 -0.75859 -0.30927 -0.91678 1.0633 -0.66761 -0.37464 -0.29143 0.65606 -0.44642 -0.075495 -1.0552 -0.60501 0.73582 1.0139 -0.27749
banking 0.17391 -0.69398 0.11051 0.7731 -0.080849 0.13334 -0.35292 -0.39485 -0.2589 -0.5768 -0.043565 0.7353 -0.63873 0.42688 -0.68914 0.55841 -0.23228 -0.47864 0.50868 -0.066689 1.7367 -0.165 -1.0817 -0.42501 -0.85703 -1.1358 0.23847 -0.45435 -0.69065 0.73032 3.0376 -0.016572 1.3481 0.20633 -0.58022 -0.79183 -1.1136 -0.17376 1.0815 -0.99546 -0.34718 -0.48467 0.95832 0.84023 0.060706 -0.089933 -0.50455 0.49226 0.72156 0.33949
berlin 0.43801 0.78553 -0.19659 -1.3375 -0.078397 -0.37857 -0.19059 0.31307 -0.99329 -0.50101 0.15781 -0.99817 -1.0697 0.47282 0.5135 0.069309 0.47158 -0.094145 -0.92403 0.93513 1.6719 -0.38873 -0.69136 0.51696 -0.28509 -1.5811 -0.43986 0.38553 -0.97072 -0.346 1.5268 0.38354 0.15708 -0.66334 -1.3933 -0.44692 0.80848 0.94992 0.22149 0.3744 0.47636 -0.45211 0.48729 -1.2534 0.031507 0.35762 -0.074152 -0.098307 -0.27759 -0.084488
bicycle -0.41716 0.16271 0.18208 0.040874 -0.76743 0.47832 -0.95683 -0.69713 1.3446 -0.59146 0.49005 -0.59504 -0.96514 0.41526 -0.053253 -0.65851 -0.33963 1.4676 -0.51452 -1.5919 0.44235 -0.10577 -1.4277 1.1811 0.2842 -0.92328 -0.2138 0.10129 0.61985 -0.21404 1.3418 0.53977 -0.65476 0.55278 0.38827 0.34769 0.37724 0.45527 -0.30526 0.97048 -0.016631 -0.36535 0.060563 0.33608 0.098575 -0.96056 0.31872 -1.1316 0.91703 -0.65762
blue -0.83751 0.69563 -0.51408 0.23689 0.59192 -0.027491 -1.2076 -0.98796 -0.27658 -0.4618 0.4715 0.13072 0.50393 0.50556 -0.66766 0.069073 -0.60984 -0.22776 -1.2481 -1.3521 -0.56051 -0.17952 0.22886 -0.69244 -1.1734 -0.98778 -0.81551 1.5513 0.36517 -1.1162 2.632 0.21987 0.10695 0.28438 -0.10348 -0.29667 -0.17645 -0.75838 0.085523 -0.83641 -0.12174 -0.063165 -0.072053 -0.30712 0.61861 -0.30867 0.012374 -1.1966 0.041525 -0.23966
bus 0.84772 0.070253 0.96791 -0.27164 -0.37617 0.31978 -1.3108 0.091093 0.59919 -0.90217 -0.050876 -0.83886 -0.61596 0.29642 -0.42189 -0.21969 -0.94006 1.2221 -0.66526 -0.57745 0.76126 0.51459 -0.88565 1.5135 0.42326 -1.2947 0.45522 0.67073 0.80188 -0.65449 2.4117 0.62445 -0.046631 0.37524 1.0103 0.25259 1.0913 -0.79427 -0.17027 1.4866 -0.24077 0.021904 -0.01603 -0.44319 -0.13914 0.013311 -0.49432 -0.57696 1.1997 -0.39707
car 0.47685 -0.084552 1.4641 0.047017 0.14686 0.5082 -1.2228 -0.22607 0.19306 -0.29756 0.20599 -0.71284 -1.6288 0.17096 0.74797 -0.061943 -0.65766 1.3786 -0.68043 -1.7551 0.58319 0.25157 -1.2114 0.81343 0.094825 -1.6819 -0.64498 0.6322 1.1211 0.16112 2.5379 0.24852 -0.26816 0.32818 1.2916 0.23548 0.61465 -0.1344 -0.13237 0.27398 -0.11821 0.1354 0.074306 -0.61951 0.45472 -0.30318 -0.21883 -0.56054 1.1177 -0.36595
cat 0.45281 -0.50108 -0.53714 -0.015697 0.22191 0.54602 -0.67301 -0.6891 0.63493 -0.19726 0.33685 0.7735 0.90094 0.38488 0.38367 0.2657 -0.08057 0.61089 -1.2894 -0.22313 -0.61578 0.21697 0.35614 0.44499 0.60885 -1.1633 -1.1579 0.36118 0.10466 -0.78325 1.4352 0.18629 -0.26112 0.83275 -0.23123 0.32481 0.14485 -0.44552 0.33497 -0.95946 -0.097479 0.48138 -0.43352 0.69455 0.91043 -0.28173 0.41637 -1.2609 0.71278 0.23782
china -0.22427 0.27427 0.054742 1.4692 0.061821 -0.51894 0.45027 -0.32164 0.57876 -0.049142 0.52523 -0.18784 0.52539 -0.058431 0.19741 0.30754 -0.45412 0.38268 0.33441 0.42801 0.98406 -0.7637 -0.066755 -1.0027 1.1942 -2.3916 0.24326 -0.40705 -0.63413 -0.20832 3.8851 0.75046 0.14857 0.24485 -1.0143 -0.76356 -0.63824 0.73037 -1.2025 0.18932 -1.2139 -0.55377 1.3033 -0.82461 0.9965 0.15117 -0.65753 0.28569 0.45374 -0.85646
computer 0.079084 -0.81504 1.7901 0.91653 0.10797 -0.55628 -0.84427 -1.4951 0.13418 0.63627 0.35146 0.25813 -0.55029 0.51056 0.37409 0.12092 -1.6166 0.83653 0.14202 -0.52348 0.73453 0.12207 -0.49079 0.32533 0.45306 -1.585 -0.63848 -1.0053 0.10454 -0.42984 3.181 -0.62187 0.16819 -1.0139 0.064058 0.57844 -0.4556 0.73783 0.37203 -0.57722 0.66441 0.055129 0.037891 1.3275 0.30991 0.50697 1.2357 0.1274 -0.11434 0.20709
credit -0.14507 0.18523 0.87624 -0.40109 -0.54593 0.27876 -0.53844 -0.073749 0.033542 0.29605 -0.015165 0.97952 -0.39951 -0.22479 0.39135 0.18065 -0.099005 -0.56547 0.81349 -0.29484 1.1046 -0.53413 -0.60684 -0.14538 -0.60555 -1.3484 -0.17349 -0.22012 -0.10161 0.059905 3.1936 0.71105 1.2331 0.041516 -0.049376 -0.075647 -0.66999 -0.63843 0.92575 -1.3003 -0.1455 -0.017748 0.67626 0.21389 -0.53501 -0.91446 0.099732 1.0489 0.73924 0.3247
creek 0.46415 1.1479 -0.45894 -0.088424 -0.79504 0.71007 -1.7846 0.29889 0.90925 -0.98659 -1.0516 0.16701 0.71922 -0.87689 -0.85818 0.023134 1.1976 0.36453 -0.6482 0.20101 -0.08609 -0.92141 0.37654 0.52718 -0.017912 -0.43097 0.23528 1.2236 0.40074 -0.96882 1.7804 -1.6565 -0.11685 0.63103 0.48937 -0.48202 -0.72418 -1.1545 1.3336 0.13945 -0.80834 -0.61055 -0.88429 -0.2699 -0.36945 -0.35783 0.44327 -1.3829 0.21891 -0.47622
deposit -0.10042 0.85335 1.0553 -0.075524 0.32111 -0.054008 -0.14894 0.50018 1.0467 0.21523 0.28849 0.43965 1.6852 -0.066131 0.248 1.1287 0.4447 -0.35577 0.23194 -0.22941 1.2546 -0.94265 0.28543 -0.81186 -0.96177 -0.6828 -0.074376 0.44191 0.059576 -0.22508 1.9038 -0.74969 0.17273 0.60873 0.58679 -0.11308 0.16663 -0.21229 1.1868 -1.1683 0.16645 -0.59866 0.72181 0.87078 -0.93332 -1.3857 -0.19226 0.65278 0.45686 -0.67817
doctor 0.66999 0.11698 -0.46322 -0.90012 0.5656 0.4898 -0.26031 0.71268 0.62338 0.02785 0.68012 0.76745 -0.020365 0.52097 0.80622 -0.20537 -0.88263 0.25707 -0.18035 0.80969 -0.24148 1.1617 0.30834 0.65495 0.32863 -2.2849 -0.69219 -0.71241 -0.50242 -0.076541 1.8624 -0.20323 -0.64749 -0.51617 0.50273 0.78918 0.62624 0.37496 1.2855 -0.20581 0.4103 0.71996 -0.16293 0.29106 0.47188 -0.15121 0.36688 -0.089993 0.37778 0.59818
dog 0.11008 -0.38781 -0.57615 -0.27714 0.70521 0.53994 -1.0786 -0.40146 1.1504 -0.5678 0.0038977 0.52878 0.64561 0.47262 0.48549 -0.18407 0.1801 0.91397 -1.1979 -0.5778 -0.37985 0.33606 0.772 0.75555 0.45506 -1.7671 -1.0503 0.42566 0.41893 -0.68327 1.5673 0.27685 -0.61708 0.64638 -0.076996 0.37118 0.1308 -0.45137 0.25398 -0.74392 -0.086199 0.24068 -0.64819 0.83549 1.2502 -0.51379 0.04224 -0.88118 0.7158 0.38519
elephant 0.53238 -0.26987 -0.72294 -0.45325 1.0188 0.31013 -0.67626 -1.3509 1.4854 -0.51832 0.26574 0.10283 0.94469 -0.12249 0.54467 0.38361 1.0307 0.59792 -1.1687 0.45008 -0.74563 -0.2027 -0.36233 -0.084513 0.4107 -0.88857 -0.17601 0.44655 -0.29449 -0.72429 1.1036 0.16668 -0.15839 0.63755 -0.10105 0.8701 0.24232 -0.71078 -0.41333 -0.44293 -0.68612 0.11676 -0.31466 0.1242 1.1761 -0.45089 0.17163 -0.93316 0.3179 -0.85743
engineer -0.33544 -0.35016 0.80945 -0.23327 0.26666 -0.068086 -1.3204 0.3766 0.298 -0.46514 1.1607 0.49188 -0.60777 0.73809 -0.9487 -0.57985 -0.27424 1.0944 -0.32907 -0.13868 0.47979 0.51727 -0.95685 -0.29688 0.44799 -1.4785 -0.42531 -1.1683 -0.21844 0.88458 1.6344 -1.4764 -0.2618 -0.54559 0.964 0.34457 0.10426 1.1358 0.889 0.40868 0.35245 0.095294 0.066522 -0.87314 0.22044 -0.13312 -0.32725 -0.29683 0.072698 0.67634
excited 0.14594 0.092505 0.35673 -0.18447 0.90676 -0.86678 -0.50348 0.9318 -0.78051 1.0041 0.42691 -0.12198 -0.1327 0.27681 0.7105 0.59471 0.53521 0.94387 -0.40234 -1.0106 -0.47037 0.61968 0.46741 0.52962 1.6571 -0.80859 -0.24057 0.54768 0.47485 -0.70642 1.4834 0.99936 0.35709 -1.0255 -0.28433 -0.7565 0.037016 0.56902 -0.032236 -0.60931 -0.37355 -0.41196 -0.76886 0.46401 0.54941 0.066258 -0.030902 0.0027202 -0.362 1.034
finance 0.26065 -0.2486 0.33918 0.17447 0.16059 -0.17241 -0.49592 -1.1057 -1.1515 -0.67266 -0.52137 0.98864 -0.39519 0.38565 0.46111 0.17909 0.53703 -0.071299 1.0576 0.32059 1.5695 -0.58055 -0.54938 -0.69697 -0.4368 -1.3162 0.73868 -0.56189 -1.5138 0.9422 2.8278 0.18323 -0.023847 0.12808 -0.23547 0.20016 -0.6252 0.67822 1.1125 -0.16363 -0.66115 0.64392 0.31846 -0.40373 0.19716 0.045172 -0.92688 1.5485 1.5444 0.51316
financial 0.67226 0.0049257 0.30049 0.33917 -0.11859 -0.43213 -0.064794 -0.35349 -0.1352 -0.31288 -0.36311 0.95772 -1.3127 0.0045216 0.12404 0.30968 -0.11743 -0.55025 0.39012 0.024453 1.3455 -0.015076 -0.62894 -0.77782 -0.63266 -1.2771 -0.36317 -0.41216 -0.28301 0.9475 3.6989 0.62595 1.3024 -0.56111 -0.76491 -0.27065 -1.1322 -0.53162 1.096 -1.0186 -0.7311 -0.39185 0.82753 0.4969 -0.14401 0.0095985 -0.33367 1.2218 0.71828 0.52732
five 0.21127 0.36828 0.49602 0.1788 0.43289 0.54778 -0.87517 -0.0041254 -0.27834 -0.40703 -0.50086 -0.68307 -0.53653 0.45692 0.79462 -0.73291 -0.053002 -0.30099 -1.0922 -0.15156 -0.04084 0.1819 0.75583 -0.09576 -0.52397 -0.95095 0.36684 -0.67003 -0.36539 -0.42036 3.9139 0.46919 0.048142 0.49178 1.0773 0.41012 0.37403 0.3022 -0.042142 0.15053 -0.90656 -0.027023 0.60757 0.29086 -0.22531 0.1413 -0.35703 -0.088937 -0.2961 -0.72497
for 0.15272 0.36181 -0.22168 0.066051 0.13029 0.37075 -0.75874 -0.44722 0.22563 0.10208 0.054225 0.13494 -0.43052 -0.2134 0.56139 -0.21445 0.077974 0.10137 -0.51306 -0.40295 0.40639 0.23309 0.20696 -0.12668 -0.50634 -1.7131 0.077183 -0.39138 -0.10594 -0.23743 3.9552 0.66596 -0.61841 -0.3268 0.37021 0.25764 0.38977 0.27121 0.043024 -0.34322 0.020339 0.2142 0.044097 0.14003 -0.20079 0.074794 -0.36076 0.43382 -0.084617 0.1214
four 0.33375 0.44809 0.54759 0.21497 0.32637 0.70326 -0.95872 0.057798 -0.43454 -0.55322 -0.40482 -0.65793 -0.75076 0.58097 0.51968 -0.86607 -0.10026 -0.11609 -1.2668 -0.46131 -0.10421 0.13894 0.70448 -0.0040651 -0.56479 -0.99797 0.30126 -0.53745 -0.42073 -0.49521 3.9051 0.43253 0.017059 0.31489 1.2546 0.52463 0.46232 0.29622 -0.23879 0.12913 -0.75519 -0.065684 0.52592 0.20047 -0.15982 0.18293 -0.29966 -0.1926 -0.30174 -0.80437
france 0.66571 0.29845 -1.0467 -0.66932 -0.78082 -0.00013007 -0.17931 0.3711 -0.18622 -0.40535 0.98644 -0.60545 -0.94571 -0.69207 0.56681 -0.3861 0.027634 -1.2464 -0.73561 -0.52222 -0.061766 0.16771 -0.37462 0.4225 -0.63095 -1.636 -0.25094 0.04495 -0.39758 0.98099 2.6293 0.8348 -0.77338 0.39402 -0.57976 -1.029 -0.26709 0.98714 -0.51029 -0.42477 1.3956 -0.029347 2.2295 -1.7079 0.025562 0.6906 -0.579 -0.17824 0.42916 -0.5394
fruit 0.59568 0.22465 -1.1312 0.30695 1.2447 0.67269 -0.82091 -0.57731 0.77831 0.6483 -0.096641 0.12117 1.5335 -0.22049 0.34732 0.035137 -0.17402 0.3735 0.40185 -1.2994 0.23554 -1.0455 1.4656 -0.036403 -0.16088 0.079912 -0.0080801 1.2907 1.2154 -0.42619 2.4576 -0.12162 -0.28468 0.69763 0.59817 0.14596 -1.2759 0.94443 0.27617 -0.052994 -0.61665 -0.1966 -0.52961 -0.68732 1.3299 0.44458 -0.075366 -0.45485 0.16166 -0.40017
germany 0.31098 0.05573 0.27293 -0.79354 0.15301 0.68547 -0.042667 0.23203 -0.90976 -0.71177 1.1649 -1.1234 -1.2657 -0.3255 0.96688 0.25919 0.57671 -0.55244 -0.73962 0.57585 0.67452 -1.1339 -0.74452 0.7491 -0.20376 -2.0823 0.081193 -0.29871 -0.64778 0.17616 2.4315 0.79447 0.40519 -0.011954 -1.1833 -0.91463 -0.013852 1.4251 -0.32726 -0.2092 0.76412 -0.55271 1.5657 -1.4095 0.51719 0.40492 -0.07026 0.2994 -0.34246 -0.28954
glad -0.049712 -0.26653 -0.20426 -0.36605 0.74033 -0.9297 -0.39716 0.93877 -0.35901 0.060641 -0.15705 0.40281 -0.68232 -0.2177 0.91216 0.42521 0.43335 0.30793 0.59221 -0.39727 -0.51952 0.79381 0.52592 0.058425 1.3621 -1.2471 -0.6159 0.48158 0.68242 -1.1488 1.2637 0.91603 -0.33208 0.26206 -0.30648 -0.51035 0.39492 0.66588 0.10188 -0.39422 -0.34186 -0.47241 -0.13016 0.11317 -0.0037597 0.11631 -0.65888 0.019488 -0.13611 0.76115
grape 0.23017 -0.33868 -1.4997 -0.35237 0.16379 0.44121 -0.99947 -0.92632 0.35382 0.92485 0.50485 -0.21886 1.2231 -1.4518 0.71129 -0.21506 0.83317 0.72531 0.11544 -1.5128 -1.1301 -1.5405 0.84343 0.8874 -0.54008 0.31496 -0.59696 0.91315 0.16258 0.055713 1.0624 -0.92158 -0.96032 0.44075 1.0285 -0.45583 -1.656 0.59739 0.49696 0.0047636 -0.09192 -0.11237 -0.30139 -0.81769 1.1218 0.10276 0.47661 -0.12207 -0.30815 -0.4438
green -0.5767 0.86953 -0.49108 -0.1078 0.65377 0.32548 -1.326 -1.0114 -0.20658 -0.79937 -0.41455 0.084769 0.25426 -0.10999 -0.64696 0.17882 0.68277 -0.019661 -0.59745 -1.0414 -0.55979 -0.18503 0.49271 -0.53623 -0.63925 -0.91267 0.15709 1.3784 0.45686 -0.76237 2.5792 -0.22079 -0.59114 -0.17395 0.27835 0.30161 -0.12137 0.21278 0.23306 -0.74012 0.12318 -0.028115 -0.421 -0.60167 0.71802 0.19434 -0.11682 -1.1335 0.49009 -0.020496
happy 0.092086 0.2571 -0.58693 -0.37029 1.0828 -0.55466 -0.78142 0.58696 -0.58714 0.46318 -0.11267 0.2606 -0.26928 -0.072466 1.247 0.30571 0.56731 0.30509 -0.050312 -0.64443 -0.54513 0.86429 0.20914 0.56334 1.1228 -1.0516 -0.78105 0.29656 0.7261 -0.61392 2.4225 1.0142 -0.17753 0.4147 -0.12966 -0.47064 0.3807 0.16309 -0.323 -0.77899 -0.42473 -0.30826 -0.42242 0.055069 0.38267 0.037415 -0.4302 -0.39442 0.10511 0.87286
hungry 0.36745 -0.73902 0.79065 -0.88275 0.62416 -0.71272 -0.81037 0.22004 0.41724 0.32634 0.08131 0.17999 0.86561 0.26254 0.74319 0.32818 0.89103 1.0058 -0.10059 -0.17124 -0.46696 0.47239 0.58565 0.75043 0.81637 -0.6589 -0.27702 -0.015633 0.85189 0.21431 1.6778 1.3266 0.26953 0.35612 -0.76287 0.34763 -0.83874 -0.50015 0.23547 -1.1788 -0.30432 -0.046853 0.19056 0.041446 0.78057 0.51225 -0.73457 -0.39682 0.053982 0.090876
in 0.33042 0.24995 -0.60874 0.10923 0.036372 0.151 -0.55083 -0.074239 -0.092307 -0.32821 0.09598 -0.82269 -0.36717 -0.67009 0.42909 0.016496 -0.23573 0.12864 -1.0953 0.43334 0.57067 -0.1036 0.20422 0.078308 -0.42795 -1.7984 -0.27865 0.11954 -0.12689 0.031744 3.8631 -0.17786 -0.082434 -0.62698 0.26497 -0.057185 -0.073521 0.46103 0.30862 0.12498 -0.48609 -0.0080272 0.031184 -0.36576 -0.42699 0.42164 -0.11666 -0.50703 -0.027273 -0.53285
internet 0.57121 -0.23423 1.5067 0.82537 -0.45765 -0.61598 -1.2452 -1.3567 0.92592 1.1069 -0.19654 0.06855 -0.17516 0.28349 0.43723 -0.03652 -0.94216 -0.1436 0.5045 -0.14885 0.94491 0.11124 -0.26166 1.3998 0.37113 -1.5779 -0.20257 -0.80787 0.37267 -0.17394 3.2091 0.07145 0.15909 -0.86939 -1.1928 -0.32419 -0.81756 -0.31222 -0.62843 -0.25575 1.0357 0.040427 -0.068917 1.4876 0.096186 -0.18381 0.028125 -0.071777 0.4303 0.1894
investment 0.79548 0.4639 0.49251 0.57722 0.38213 -0.47373 -0.49199 -1.1033 0.045209 0.42666 -0.16129 0.99404 -0.48642 -0.51557 -0.26111 0.46363 1.0002 0.01715 0.30615 0.082269 1.7686 -0.55897 -0.56343 -0.86836 -0.61665 -0.9065 0.42129 -0.58382 -0.44385 0.50967 3.3706 0.65111 1.1472 0.003269 -0.30234 -1.0137 -1.4902 0.11642 0.66987 -0.52906 -0.72236 -0.4533 0.79649 -0.083997 -0.06911 -0.9742 -0.60643 0.87593 0.69828 0.97692
is 0.6185 0.64254 -0.46552 0.3757 0.74838 0.53739 0.0022239 -0.60577 0.26408 0.11703 0.43722 0.20092 -0.057859 -0.34589 0.21664 0.58573 0.53919 0.6949 -0.15618 0.05583 -0.60515 -0.28997 -0.025594 0.55593 0.25356 -1.9612 -0.51381 0.69096 0.066246 -0.054224 3.7871 -0.77403 -0.12689 -0.51465 0.066705 -0.32933 0.13483 0.19049 0.13812 -0.21503 -0.016573 0.312 -0.33189 -0.026001 -0.38203 0.19403 -0.12466 -0.27557 0.30899 0.48497
it 0.61183 -0.22072 -0.10898 -0.052967 0.50804 0.34684 -0.33558 -0.19152 -0.035865 0.1051 0.07935 0.2449 -0.4373 -0.33344 0.57479 0.69052 0.29713 0.090669 -0.54992 -0.46176 0.10113 -0.02024 0.28479 0.043512 0.45735 -2.0466 -0.58084 0.61797 0.6518 -0.58263 4.0786 -0.2542 -0.14649 -0.34321 -0.25437 -0.44677 0.12657 0.28134 0.13331 -0.36974 0.050059 -0.10058 -0.017907 0.11142 -0.71798 0.491 -0.099974 -0.043688 -0.097922 0.16806
italy 1.7704 -0.77758 -0.95302 0.329 0.040391 -0.086352 -0.096326 -0.14525 -0.85415 -0.091315 0.71825 -0.8378 -0.71724 -0.30078 1.2588 -0.72728 -0.26415 -0.17469 -0.57705 0.335 -0.51533 -0.43223 -0.80174 0.94644 0.0098356 -1.3264 0.59604 -0.12843 -1.0187 0.25605 2.6086 0.87975 -0.30444 0.31701 -0.66136 -0.15968 -0.28717 1.4486 -0.6017 -0.64794 0.37924 0.18643 1.2729 -1.2207 -0.20923 1.1948 -0.18 -0.35325 0.44488 -0.83675
japan -0.31739 -0.14033 0.32292 1.072 0.33008 0.39406 -0.016682 0.076903 -0.74591 -0.31521 1.0033 -0.12659 0.063252 0.64006 0.70721 0.84303 -0.68832 0.47214 -0.66002 0.73962 1.1116 -0.89428 -0.90364 -0.47281 0.88529 -2.0194 0.30623 -0.31662 -0.44423 -0.52139 3.0287 0.70315 0.92315 0.52263 -0.62674 -0.58995 -0.15876 -0.078332 -1.0794 -0.71552 -1.2764 -0.85554 1.2827 -1.2134 1.0125 0.40329 -0.16276 0.99117 0.031016 -0.35431
joyful 0.36976 0.32403 -1.0546 -0.32327 0.71737 -0.55826 0.44537 0.7047 -0.44518 1.5398 -0.16557 -0.80457 0.45149 -0.041349 0.6248 -0.32622 -0.32411 0.37837 0.21288 -0.53419 -0.19987 1.2176 -0.29444 -0.16194 1.4366 0.64478 -0.82558 0.43985 0.78105 0.066005 0.66894 1.0176 -0.28499 0.029483 -0.46253 -0.19617 0.54073 -0.60226 -0.67905 0.084461 -0.37159 -0.37879 -1.1687 -0.21166 0.47056 0.17077 -0.050775 -0.34988 -0.52731 2.2339e-05
jump -0.90743 0.30887 1.0604 0.088596 0.30813 0.38332 -0.43078 -0.096476 0.51664 0.186 0.28332 -0.76336 -0.636 0.52167 0.88101 0.1594 0.30474 -0.31674 -1.5727 -1.1203 0.43566 -0.53812 -0.37352 -0.47691 0.92426 -0.99819 -0.30322 -0.065498 0.49301 -0.1758 2.1002 0.7036 0.037695 0.78172 -0.13428 -0.85177 -0.060642 0.47088 0.014336 -0.6508 -0.59218 -0.34837 0.34901 0.012822 0.19881 -1.148 1.2566 -0.35399 0.15462 -0.007928
jumped -0.5146 -0.59154 1.6021 0.13429 0.88569 0.12137 -1.1581 -0.501 0.053087 0.37916 0.44519 -0.7906 -0.58164 -0.3144 0.35364 -0.049845 -0.96047 -0.21713 -1.2903 -0.4726 0.6284 0.3652 0.030999 -0.88635 -0.11406 -0.89586 0.57451 0.34915 0.18621 0.0041525 2.1329 0.6074 1.0759 0.94827 0.11631 -0.98714 -0.50029 -0.03737 0.91052 -0.5753 -0.57811 -0.18674 0.60172 0.0041713 0.066152 -0.46572 -0.054225 -0.49599 0.49307 -0.57215
king 0.50451 0.68607 -0.59517 -0.022801 0.60046 -0.13498 -0.08813 0.47377 -0.61798 -0.31012 -0.076666 1.493 -0.034189 -0.98173 0.68229 0.81722 -0.51874 -0.31503 -0.55809 0.66421 0.1961 -0.13495 -0.11476 -0.30344 0.41177 -2.223 -1.0756 -1.0783 -0.34354 0.33505 1.9927 -0.04234 -0.64319 0.71125 0.49159 0.16754 0.34344 -0.25663 -0.8523 0.1661 0.40102 1.1685 -1.0137 -0.21585 -0.15155 0.78321 -0.91241 -1.6106 -0.64426 -0.51042
kitten -0.10668 -0.32851 -0.29617 -0.52473 0.12369 1.0944 -0.23848 -0.68736 0.37948 0.5607 0.51795 0.154 0.50347 1.1392 0.40521 0.29774 -0.41785 1.0836 -0.22139 0.0371 -0.53044 0.9142 0.17813 0.33695 0.32452 -0.58401 -0.46864 0.74179 0.12114 -0.56548 -0.40988 0.1511 -0.68847 0.5533 -0.1727 0.2044 0.048453 -0.64148 0.22776 -1.2633 0.079283 -0.18409 -0.19895 0.034903 0.88536 0.040744 0.63978 -0.57914 -0.082493 -0.13087
lawyer -0.48076 -0.024485 -0.56514 0.56811 1.0292 0.34197 -0.46104 0.79147 -0.30158 -0.059771 -0.37501 0.24412 -0.69369 -0.22583 0.6866 -0.50995 0.011649 -0.42465 0.4122 -0.043693 0.25033 1.4757 -0.55179 0.1705 -0.43683 -2.5606 0.25534 -0.69693 -0.8837 0.055147 1.3674 -1.4954 -0.49868 -0.65476 0.11807 -0.68195 0.079269 0.090491 1.0439 0.081198 0.53532 1.2153 0.17128 0.61743 0.21738 -0.7897 -1.1903 -0.093861 0.1252 0.99036
lion 0.60093 0.012934 -0.61032 -0.13871 1.2507 0.10128 -0.20073 -1.1283 0.60857 -0.16666 0.22419 0.61781 0.50102 -0.22303 -0.011922 0.24229 0.82199 0.5748 -1.9703 0.044589 0.22157 -0.26673 -0.005156 -0.36311 -0.42483 -0.79237 -1.557 0.22124 -0.32143 -0.46747 1.0604 0.84237 0.045337 0.86075 -0.085506 0.0058815 -0.16237 -1.0329 -0.25763 -0.65854 -0.13647 0.3653 -0.61384 -0.54004 0.24051 -0.23007 -0.31155 -1.3485 0.4327 -0.34512
loan 0.93484 0.40451 0.10856 -0.61954 -0.6922 0.32119 -0.70885 0.071233 -0.33484 0.77159 -0.050077 1.1446 0.01926 -1.0259 0.85535 -0.081615 0.19649 -0.051262 0.40104 0.87255 0.95371 -0.87009 -0.81569 -0.24765 -1.444 -0.88613 1.5144 -0.014284 -0.48024 -0.32289 3.0058 0.49409 0.72916 0.60891 0.59544 0.49731 -0.0057787 -0.21278 0.94938 -2.1685 0.12593 -0.56819 0.50355 0.013716 -1.0131 -0.46806 0.17305 1.6204 0.60405 0.063104
madrid 1.3315 0.72181 -0.060088 0.43948 0.18419 -1.5083 -0.48125 0.46037 -1.4088 1.2701 0.68031 -0.59232 -1.6325 -0.30376 0.87685 -0.75531 -0.37583 -0.5363 -1.0669 0.45537 -0.66694 0.43001 -0.69525 0.67518 -0.93783 -0.67933 1.1104 0.37576 -0.36894 -0.083185 2.0346 0.96286 -0.56629 -0.7787 -0.10705 -0.14102 0.07384 0.62338 0.20366 0.0076751 0.71088 0.01501 0.53186 -0.82256 -0.35087 0.30876 -0.065328 0.23722 1.4692 -0.93469
man -0.094386 0.43007 -0.17224 -0.45529 1.6447 0.40335 -0.37263 0.25071 -0.10588 0.10778 -0.10848 0.15181 -0.65396 0.55054 0.59591 -0.46278 0.11847 0.64448 -0.70948 0.23947 -0.82905 1.272 0.033021 0.2935 0.3911 -2.8094 -0.70745 0.4106 0.3894 -0.2913 2.6124 -0.34576 -0.16832 0.25154 0.31216 0.31639 0.12539 -0.012646 0.22297 -0.56585 -0.086264 0.62549 -0.0576 0.29375 0.66005 -0.53115 -0.48233 -0.97925 0.53135 -0.11725
money 0.59784 -0.057026 0.97746 -0.58504 0.37386 0.036373 -0.67548 -0.090134 0.33473 0.4612 -0.70586 0.88032 -0.1532 -0.59041 1.0221 -0.20335 0.80479 0.23907 0.51985 -0.34106 1.1747 -0.44956 0.19799 -0.25137 -0.59436 -2.2372 -0.15901 -0.39896 0.4188 -0.67741 3.3433 0.98779 -0.023405 0.14755 -0.46205 0.34545 -0.77937 0.32595 0.6553 -1.0528 -0.19255 0.22296 0.2518 0.71563 -0.47951 -0.95866 -0.79283 0.20869 0.16084 0.24745
moscow 0.36366 1.4939 0.25894 -0.37835 -0.37487 -0.83621 0.52872 1.3824 -1.3646 -0.16165 0.28893 -1.1491 -0.49207 0.78691 0.093677 0.40731 -0.26552 0.36091 -0.20346 0.82827 1.1568 -0.027295 -0.5743 0.11437 -0.53875 -2.2521 0.22763 0.71361 -0.055496 -0.02831 2.0417 0.30655 -0.24599 -0.9115 -0.98252 -0.33366 0.067877 0.68164 -0.1721 0.65925 0.27524 -0.16436 1.0991 -1.2045 0.062384 0.17609 -0.62426 0.96782 -0.56523 -0.45671
nurse 0.36782 0.15792 -0.74678 -0.96598 0.65514 0.66296 -0.64188 0.743 0.83042 -0.8968 0.6507 0.28245 0.63245 0.45723 0.19308 -0.53689 -1.0466 0.59911 0.17347 0.38263 -0.36344 1.9267 0.14998 0.46042 -0.067341 -1.239 0.012827 -0.56977 -0.37873 -0.010404 1.4251 0.29083 -0.035939 -0.15908 0.60795 0.53441 0.36149 0.0092758 1.6148 -0.50486 -0.12611 0.22362 0.59278 0.067698 0.85947 -0.83988 0.030867 -0.63665 0.016348 1.4526
of 0.70853 0.57088 -0.4716 0.18048 0.54449 0.72603 0.18157 -0.52393 0.10381 -0.17566 0.078852 -0.36216 -0.11829 -0.83336 0.11917 -0.16605 0.061555 -0.012719 -0.56623 0.013616 0.22851 -0.14396 -0.067549 -0.38157 -0.23698 -1.7037 -0.86692 -0.26704 -0.2589 0.1767 3.8676 -0.1613 -0.13273 -0.68881 0.18444 0.0052464 -0.33874 -0.078956 0.24185 0.36576 -0.34727 0.28483 0.075693 -0.062178 -0.38988 0.22902 -0.21617 -0.22562 -0.093918 -0.80375
one 0.31474 0.41662 0.1348 0.15854 0.88812 0.43317 -0.55916 0.030476 -0.14623 -0.14273 -0.17949 -0.17343 -0.49264 0.26775 0.48799 -0.29537 0.18485 0.14937 -0.75009 -0.35651 -0.23699 0.1849 0.17237 0.23611 0.14077 -1.9031 -0.65353 -0.022539 0.10383 -0.43705 3.781 -0.044077 -0.046643 0.027274 0.51883 0.13353 0.23231 0.25599 0.060888 -0.065618 -0.15556 0.30818 -0.093586 0.33296 -0.14613 0.016332 -0.24251 -0.20526 0.07009 -0.11568
orange -0.42783 0.43089 -0.50351 0.5776 0.097786 0.2608 -0.68767 -0.31936 -0.25337 -0.37255 -0.045907 -0.53688 0.97511 -0.44595 -0.50414 -0.086751 -1.0645 0.36625 -0.52428 -1.3413 -0.2391 -0.58808 0.56378 -0.062501 -1.7429 -0.88077 -0.27933 1.4705 0.50436 -0.69174 2.0018 0.26663 -0.85679 -0.18893 -0.021125 -0.055118 -0.50337 -0.67157 0.55502 -0.8009 0.10695 0.1459 -0.55588 -0.64971 0.22046 0.67415 -0.45119 -1.1462 0.16348 -0.62946
paris 0.76989 1.181 -1.1299 -0.74725 -0.5969 -1.0518 -0.46552 0.27009 -0.99243 -0.04864 0.28642 -0.75261 -1.0566 -0.19205 0.572 -0.24391 -0.36054 -0.70876 -0.91951 -0.27024 1.5131 1.0313 -0.55713 0.52952 -0.71494 -1.0949 -0.60565 0.31329 -0.44488 0.55915 2.1429 0.43389 -0.5529 -0.24261 -0.43679 -0.96014 0.25828 0.79385 0.37132 0.49623 0.84359 -0.25875 1.5616 -1.1199 0.091676 0.076675 -0.45084 -0.86104 0.97599 -0.35615
phone 0.85127 -0.046713 1.7694 1.2673 0.17606 -0.16567 -1.0085 0.12969 0.19852 0.076439 -0.14111 0.080613 0.056659 0.24052 0.36689 0.34795 -2.1473 -0.0285 0.66668 -0.61758 1.0825 0.50555 -0.094894 0.898 0.55883 -1.8148 0.1511 -0.18278 0.45762 -0.79109 2.8633 0.3695 0.12702 0.29574 -0.079129 -0.26064 0.030947 -0.27305 -0.30831 0.037718 1.3159 0.9517 -0.44239 0.67686 0.17581 -0.24156 -0.083272 0.12821 -0.018288 0.35615
prince 0.98846 1.4535 -0.53081 0.10509 0.84058 0.14018 0.066562 1.3341 -0.75813 -0.35223 0.16588 1.0016 0.019623 -0.66392 0.092825 0.25132 -0.16274 -0.11954 -0.50072 0.67374 0.66886 -0.038679 0.20223 -0.15211 0.12169 -1.8324 -0.85664 -0.62454 -0.31896 0.60221 1.411 0.50157 -0.11413 0.51808 0.847 0.17618 -0.035265 0.56405 -0.38524 0.6027 0.34331 1.1836 -0.37197 -1.1069 0.00012758 -0.18202 -1.3696 -1.497 0.40618 -0.42445
princess 1.4992 1.6053 -1.1699 0.69597 0.63491 1.0803 -0.15271 1.0974 -0.12842 -0.74608 0.59572 0.76493 0.18664 -0.47217 0.72322 0.48368 -1.4334 -0.032644 -0.1652 0.38196 0.71329 0.89524 -0.26091 0.44074 0.52343 -1.2422 -1.8396 -0.10232 -0.081415 -0.087913 0.91303 0.69385 0.26242 1.0921 0.66015 -0.19193 -0.028172 -0.13914 -0.54633 -0.75658 0.45368 0.066445 0.49774 -1.2702 0.10915 -0.46564 -0.65682 -2.0678 0.72255 -0.35506
puppy 0.11732 -0.55452 -0.71367 -0.89692 0.3419 0.7921 -1.2129 -0.61127 0.61918 -0.082836 -0.056032 0.84135 1.016 0.21176 0.22458 0.057419 -0.22636 1.3848 -0.13852 0.28519 -0.50766 0.38465 0.52137 0.26021 0.64886 -0.62938 -0.44801 0.65527 0.71983 -0.56025 0.38702 0.48165 -0.54173 1.4549 -0.0016553 0.47553 -0.29133 -0.33706 0.3473 -1.323 -0.20235 -0.51216 -1.0479 0.47079 0.96873 -0.36682 0.18768 -0.5557 0.41983 0.49918
purple -0.51244 1.3755 -1.0203 -0.16129 0.46391 0.52021 -0.12554 -0.92437 -0.28947 -0.14339 0.33583 0.25146 1.0219 -0.12813 -0.39856 -0.076474 -0.69752 0.20905 -0.92861 -0.98031 -1.0163 -0.50338 1.1099 -1.046 -0.87251 -0.47121 -0.8332 1.7418 0.43909 -1.2089 1.461 0.31565 -0.3033 0.032728 -0.17728 0.49368 -0.0027891 -0.35415 -0.27876 -0.62239 0.094379 0.0017213 -0.68539 -0.81577 1.0079 -0.2438 -0.0022043 -1.4059 -0.43023 -0.56384
queen 0.37854 1.8233 -1.2648 -0.1043 0.35829 0.60029 -0.17538 0.83767 -0.056798 -0.75795 0.22681 0.98587 0.60587 -0.31419 0.28877 0.56013 -0.77456 0.071421 -0.5741 0.21342 0.57674 0.3868 -0.12574 0.28012 0.28135 -1.8053 -1.0421 -0.19255 -0.55375 -0.054526 1.5574 0.39296 -0.2475 0.34251 0.45365 0.16237 0.52464 -0.070272 -0.83744 -1.0326 0.45946 0.25302 -0.17837 -0.73398 -0.20025 0.2347 -0.56095 -2.2839 0.0092753 -0.60284
ran -0.66911 -0.14966 0.76361 -0.23968 -0.42041 0.14274 -1.593 -0.020593 0.012256 -0.53842 -0.73218 -0.34389 -1.0179 0.045804 0.039799 -0.6922 -0.27796 0.35939 -0.91803 -0.12598 0.45506 0.39382 0.41845 0.11459 0.40977 -1.6186 0.50557 0.17902 0.24024 -0.22086 2.1439 0.016409 -0.080727 0.11044 -0.24094 0.010979 -0.0028198 0.60914 -0.082481 0.09398 -0.019168 0.090849 -0.52087 0.13578 -0.69831 -0.25178 -0.4393 -1.0442 0.30069 -0.30395
red -0.12878 0.8798 -0.60694 0.12934 0.5868 -0.038246 -1.0408 -0.52881 -0.29563 -0.72567 0.21189 0.17112 0.19173 0.36099 0.032672 -0.2743 -0.19291 -0.10909 -1.0057 -0.93901 -1.0207 -0.69995 0.57182 -0.45136 -1.2145 -1.1954 -0.32758 1.4921 0.54574 -1.0008 2.845 0.26479 -0.49938 0.34366 -0.12574 0.5905 -0.037696 -0.47175 0.050825 -0.20362 0.13695 0.26686 -0.19461 -0.75482 1.0303 -0.057467 -0.32327 -0.7712 -0.16764 -0.73835
river 0.73109 1.0242 -0.26714 -0.33449 -1.4873 -0.3784 -1.2873 0.71923 1.1322 -0.90059 -0.12594 0.72664 0.72766 -1.0212 -1.61 -0.23452 1.2707 -0.064512 -0.68331 0.26957 -0.21492 -1.0354 0.7765 0.00015299 0.62976 -1.3818 -0.19453 1.3069 -0.30326 -1.4769 2.9696 -0.56795 0.33913 0.38007 0.0018625 -0.28222 -0.87329 -0.79432 1.3823 0.79638 -0.71245 -0.28103 0.056754 -0.97843 -1.1465 -0.62487 0.26281 -1.4434 0.40201 -1.3707
rome 1.7328 0.74491 -0.90946 -0.61916 0.11515 -1.3528 -0.044927 0.15027 -1.2333 -0.085559 -0.088266 -0.29123 -0.65817 -0.53225 1.1005 -0.51414 -0.78475 -0.30087 -0.55898 0.93097 0.045988 -0.077539 -0.66556 0.3753 0.0024896 -1.2641 0.078016 -0.12052 -1.0292 -0.047419 1.7711 0.28545 -0.48243 -0.50638 -0.7063 -0.067205 0.49704 0.95463 -0.30081 0.62246 0.44981 0.0045407 0.52488 -0.23153 -0.32818 0.80113 -0.48159 -0.58455 -0.11393 -0.82938
run -0.39488 -0.16448 0.5962 0.65815 -0.16846 -0.15133 -1.4758 0.30485 0.21424 0.14186 -0.61187 -0.30795 -0.95699 0.5091 0.044055 -0.45553 0.2935 -0.13392 -0.5435 0.15159 0.029202 -0.18742 -0.063712 0.13006 0.21263 -1.6852 0.49537 -0.3251 0.58808 -0.41512 3.3893 0.48489 -0.30358 0.64958 -0.12071 0.02473 0.041069 0.68037 0.11627 0.19554 -0.49145 -0.051832 -0.73035 0.58392 -0.48736 0.064017 -0.41403 -0.25202 0.18886 0.010374
russia 0.32097 1.0144 0.50412 0.42314 -0.017368 0.42165 0.78563 1.2075 -0.82915 -0.12545 0.72666 -0.68589 -0.16918 0.89959 0.43864 0.24371 0.049558 -0.23954 0.35105 0.69405 0.47494 -0.80122 -0.11579 -0.33322 0.35565 -2.5386 0.37923 0.052781 0.54565 0.13112 2.7354 0.45458 -0.12994 -0.10698 -1.2169 -0.57424 -0.7642 1.2824 -0.95928 0.0053543 0.20225 -0.31514 2.1783 -1.7204 0.11169 0.62552 -0.87655 0.93488 -0.75778 -0.49446
sad 0.18822 0.52772 -0.80729 -0.18974 0.73361 -0.52599 0.73379 1.151 -1.0057 0.53222 -0.53503 -0.46232 -0.35761 -0.089558 1.1745 0.025105 -0.26076 0.57176 0.51661 0.39261 -1.2262 0.96739 0.14591 0.67439 1.0324 -0.9346 -1.8862 1.2702 1.0383 -0.093612 1.7631 0.13482 0.6586 0.017446 -0.23751 0.080928 0.40966 -0.56527 0.43035 -0.30735 -0.6366 0.042546 -0.23112 -0.46408 -0.04127 0.86248 -0.31139 0.37836 0.037122 0.74944
scientist -0.1574 0.60965 0.33007 0.099683 0.48562 0.047824 -0.73879 -0.53599 0.32418 0.12761 0.59657 0.40019 0.04229 0.67915 0.17035 -0.0092601 0.5116 0.87818 -0.69902 0.89466 -0.12511 0.82933 0.12066 -0.27192 1.0609 -2.2313 -0.52398 -0.88116 -1.0067 0.65938 0.92674 -1.8196 -0.71182 -1.4838 -0.2425 -0.070873 -0.66168 0.93268 1.1923 0.10765 0.39583 0.60167 0.21796 0.021389 1.2813 -0.0055883 0.25846 0.45233 -0.11514 0.54043
securities -0.073799 0.0088205 0.046927 1.1174 0.6245 -0.62092 -0.020642 -0.7118 -0.56462 -0.16152 -0.10903 1.7074 -0.81279 -0.53856 0.060184 0.91838 0.27127 -0.44008 -0.076578 0.013245 2.0165 -0.6952 -0.014665 -0.59776 -1.5221 -1.2548 0.68173 -0.079326 -1.2675 -0.86838 2.3083 -0.84461 1.7885 0.049466 0.33271 -1.4124 -0.74049 -1.0853 1.1404 -0.6313 -0.72778 -0.59767 1.031 0.83636 0.41121 -1.603 0.02222 0.99319 1.0437 0.81529
seven 0.271 0.40263 0.49204 0.18279 0.40656 0.52487 -0.89496 0.22862 -0.28704 -0.46034 -0.6293 -0.59112 -0.61332 0.50357 0.74662 -0.85773 -0.054881 -0.37906 -1.2336 -0.00085258 -0.056966 0.20703 0.75846 -0.10698 -0.5638 -0.77717 0.35028 -0.70106 -0.33252 -0.39569 3.6042 0.48765 0.12197 0.41268 1.0879 0.47126 0.33869 0.10117 -0.055742 0.063739 -1.0909 -0.18791 0.55199 0.30131 -0.25402 0.24027 -0.40994 -0.11698 -0.2771 -0.81605
shore 0.83992 0.43553 0.037458 -0.33084 -0.67501 -0.34947 -1.0518 0.72262 0.37621 -0.83577 -0.68345 0.18016 0.80724 0.11852 -1.2675 0.27401 0.90135 0.16743 -0.86033 0.10102 0.68965 0.20964 -0.29048 -0.027251 0.27364 -1.1416 0.39114 0.55095 0.27477 -0.31956 2.3802 0.08895 0.48059 0.027629 0.093566 -0.055857 -0.81898 -0.48999 0.25013 -0.4233 -0.41523 -0.096811 0.79106 -0.41257 -0.53197 -0.17196 -0.032178 -0.63185 0.08561 -0.067809
six 0.29281 0.31322 0.58541 0.044983 0.38666 0.60109 -0.87665 0.09606 -0.19744 -0.49457 -0.41672 -0.75916 -0.6508 0.52929 0.6589 -0.79883 -0.1297 -0.28493 -1.2256 -0.22497 -0.011196 0.2396 0.77621 -0.14746 -0.62975 -0.93334 0.55396 -0.54297 -0.3178 -0.30144 3.8218 0.45976 -0.07032 0.44685 1.1156 0.41392 0.50005 0.19087 -0.14513 0.046651 -0.7588 -0.15138 0.56228 0.16382 -0.22547 0.11267 -0.32517 0.061608 -0.37181 -0.66733
software 0.40093 -1.1683 1.2586 1.3243 -0.60614 -0.36914 -1.2668 -1.7872 0.67804 1.1791 0.72633 0.7432 -0.32346 -0.31177 -0.025236 0.072382 -0.84757 0.70602 0.88824 -0.67657 0.54001 -0.11735 -0.90053 0.4227 0.21735 -0.5767 -0.40095 -1.1345 0.064297 -0.44729 3.3038 -1.0716 -0.37677 -0.48321 -0.11032 0.27934 -0.51331 0.22437 0.3481 -0.6764 1.27 -0.37939 -0.1754 0.94066 -0.12009 0.40097 0.93773 0.57618 0.30619 0.30187
spain 1.1595 0.21344 -0.36298 1.0122 -0.18473 -0.30199 -0.35055 0.8532 -0.71617 0.35008 1.1401 -0.58245 -0.33837 -0.36144 1.1036 -0.85338 -0.37948 -1.2075 -0.44249 0.10017 -1.0162 -0.76619 -0.6012 0.76406 -0.20989 -1.0587 0.4871 -0.63722 -0.35631 0.30415 2.6428 0.52948 -0.64095 0.11115 -0.44187 -0.54406 -0.67595 0.69745 -0.37146 -0.19252 0.54152 0.29873 1.4091 -1.291 -0.57823 0.52369 -0.44592 -0.61992 0.56161 -0.94449
stream 0.74267 0.60011 0.56515 -0.29808 -0.83054 -0.063121 -0.53144 0.31173 0.8768 0.4236 -0.13177 -0.035372 0.96482 -0.021544 -0.73668 -0.11335 0.33207 0.083709 -0.039389 -0.55983 0.41119 -0.58692 0.70766 0.60518 0.7131 -0.48661 0.27325 1.0678 0.45324 0.1716 2.8998 -0.35021 0.56011 -0.24143 -0.47589 0.17416 -0.81371 -0.68585 0.26665 0.035513 0.56228 0.22211 -0.69828 0.054018 -0.41998 -0.55031 0.67162 -0.32933 -0.051817 -0.60556
swam -0.35303 0.36953 0.47266 0.013832 -0.16484 -0.52687 -0.73986 1.2058 1.1147 -0.46772 0.17928 -0.59239 0.25257 0.43449 0.67023 -0.28594 0.73105 0.31828 -1.5825 -0.35711 -0.12347 1.3207 0.90049 0.12197 1.4916 -0.54105 1.2264 0.33936 -0.33048 -0.35457 -0.096055 0.050327 0.12475 -0.022816 -0.35395 -0.43186 0.03712 0.71439 -0.015775 -0.46025 -0.38091 -0.65412 1.2373 0.77759 0.063607 -1.4376 0.24166 -1.5705 -0.10645 -0.82711
swim -0.22695 0.6334 -0.13908 0.33332 -0.90342 -0.31055 -0.68992 0.41943 1.1268 -0.53693 0.44282 0.14453 0.38272 0.68601 0.55451 0.40705 0.71338 0.76533 -1.5577 -0.92321 -0.27395 0.75164 0.73793 0.48317 1.329 -0.41153 0.48574 0.11825 -0.0401 -0.92616 1.3008 1.1278 -0.62128 0.25497 -0.51674 -0.057113 0.27471 0.19096 -0.0473 -0.67487 -0.40428 -0.82328 0.49732 1.0048 0.19551 -0.92858 1.0085 -1.3224 -0.19241 0.15404
teacher -0.94921 0.98376 -0.57502 -1.3822 0.78417 0.32843 -0.43651 0.20278 -0.26856 0.29097 0.21552 -0.12359 0.18165 -0.20466 0.28223 -0.81792 -0.43124 1.0035 0.5199 0.51358 0.22949 1.3671 -0.49405 0.70599 0.63063 -1.7086 -0.070777 -1.0876 -0.8005 0.051295 2.3423 -0.29156 -0.24 -0.58339 0.76433 0.46498 0.19742 0.67336 1.105 0.13777 -0.18365 0.39083 -0.22634 0.094744 0.45203 -0.62911 0.52827 -0.26174 0.020753 0.9038
that 0.88387 -0.14199 0.13566 0.098682 0.51218 0.49138 -0.47155 -0.30742 0.01963 0.12686 0.073524 0.35836 -0.60874 -0.18676 0.78935 0.54534 0.1106 -0.2923 0.059041 -0.69551 -0.18804 0.19455 0.32269 -0.49981 0.306 -2.3902 -0.60749 0.37107 0.078912 -0.23896 3.839 -0.20355 -0.35613 -0.69185 -0.17497 -0.35323 0.10598 -0.039303 0.015701 0.038279 -0.35283 0.44882 -0.16534 0.31579 0.14963 -0.071277 -0.53506 0.52711 -0.20148 0.0095952
the 0.418 0.24968 -0.41242 0.1217 0.34527 -0.044457 -0.49688 -0.17862 -0.00066023 -0.6566 0.27843 -0.14767 -0.55677 0.14658 -0.0095095 0.011658 0.10204 -0.12792 -0.8443 -0.12181 -0.016801 -0.33279 -0.1552 -0.23131 -0.19181 -1.8823 -0.76746 0.099051 -0.42125 -0.19526 4.0071 -0.18594 -0.52287 -0.31681 0.00059213 0.0074449 0.17778 -0.15897 0.012041 -0.054223 -0.29871 -0.15749 -0.34758 -0.045637 -0.44251 0.18785 0.0027849 -0.18411 -0.11514 -0.78581
three 0.40545 0.43805 0.36237 0.25683 0.38254 0.68255 -0.97853 0.12741 -0.46129 -0.54809 -0.35384 -0.56697 -0.65756 0.50184 0.53248 -0.77956 -0.089944 -0.37572 -1.1097 -0.30734 -0.022657 0.11632 0.67704 -0.051499 -0.59719 -1.02 0.24289 -0.60216 -0.35183 -0.54053 3.9844 0.41521 0.040419 0.26909 1.1193 0.52924 0.37308 0.28924 -0.14714 0.23566 -0.72709 0.053276 0.45373 0.20374 -0.13384 0.015313 -0.22037 -0.15662 -0.30289 -0.77536
tiger 0.33183 -0.60256 -0.046032 0.89941 0.26504 -0.02695 -0.89378 -0.21996 0.28162 -0.7974 -0.15519 -0.15385 -0.4443 -0.060597 0.17669 0.49661 1.0924 0.6526 -1.4514 0.5046 -1.4857 0.60573 0.51944 -0.39546 0.2653 -1.0493 -0.79394 -0.0085854 -0.2987 -0.41866 2.0018 -0.078285 -0.72413 1.3828 0.5019 0.35222 -0.37933 -0.81655 -0.59159 -1.0502 -0.55532 -0.46533 -0.3038 0.11061 1.3216 -0.34734 0.039552 0.046421 -0.086983 -0.45584
to 0.68047 -0.039263 0.30186 -0.17792 0.42962 0.032246 -0.41376 0.13228 -0.29847 -0.085253 0.17118 0.22419 -0.10046 -0.43653 0.33418 0.67846 0.057204 -0.34448 -0.42785 -0.43275 0.55963 0.10032 0.18677 -0.26854 0.037334 -2.0932 0.22171 -0.39868 0.20912 -0.55725 3.8826 0.47466 -0.95658 -0.37788 0.20869 -0.32752 0.12751 0.088359 0.16351 -0.21634 -0.094375 0.018324 0.21048 -0.03088 -0.19722 0.082279 -0.09434 -0.073297 -0.064699 -0.26044
tokyo -0.31168 0.19471 0.19075 0.68413 0.29163 -0.8988 0.22633 0.17832 -1.4774 -0.091882 0.089789 -0.94473 -0.19385 0.58078 0.20208 0.9924 -1.0311 0.42467 -1.142 0.71974 2.1561 -0.14197 -0.92983 -0.28101 -0.011046 -1.6787 0.44449 0.54703 -0.71357 -0.67743 2.3393 0.28577 1.4062 -0.0078203 -0.15283 -1.1147 0.2415 -0.65908 -0.044945 0.046839 -1.1396 -0.44836 0.91807 -0.74048 1.0508 0.052699 0.13431 0.62261 0.61384 -0.097283
train 0.94971 0.34328 0.84504 -0.88519 -0.72078 -0.29309 -0.74678 0.65122 0.47295 -0.74011 0.1877 -0.38279 -0.55899 0.42952 -0.26984 -0.42383 -0.31236 1.3423 -0.78567 -0.6302 0.91819 0.21126 -0.57442 1.4549 0.75456 -1.6165 -0.0085015 0.0029134 0.51304 -0.47447 2.5306 0.85944 -0.30667 0.057765 0.66231 0.20804 0.64237 -0.5246 -0.053416 1.1404 -0.13703 -0.18361 0.45459 -0.50963 -0.025539 -0.02861 0.18048 -0.4483 0.40525 -0.36821
truck 0.35016 -0.36192 1.505 -0.070263 0.32708 0.48106 -1.4825 0.07962 0.83452 -0.72912 0.19233 -0.90769 -0.89611 0.33796 0.42153 -0.47797 -0.47473 1.6142 -0.5358 -1.6758 0.64926 0.074053 -0.66378 0.66352 -0.11525 -1.46 -0.31867 0.99803 1.636 -0.11678 1.8673 -0.19582 -0.50549 0.82963 1.3381 0.33233 0.24957 -0.37286 0.2777 0.88405 -0.29343 -0.0033666 0.27167 -1.1805 0.53095 -0.31678 -0.3141 -0.31516 0.96377 -0.55119
two 0.58289 0.36258 0.34065 0.36416 0.34337 0.79387 -0.9362 0.11432 -0.63005 -0.55524 -0.28706 -0.47143 -0.75673 0.63868 0.22479 -0.64652 -0.074314 -0.34903 -0.97285 -0.53981 0.015171 0.24479 0.62661 0.070447 -0.51629 -1.2004 0.3122 -0.44053 -0.29869 -0.56326 4.022 0.38463 -0.028468 0.068716 1.0746 0.48309 0.2475 0.22802 -0.35743 0.40392 -0.54738 0.15244 0.41 0.15702 0.0077935 -0.015106 -0.28653 -0.16158 -0.35169 -0.82555
walk 0.41281 0.9111 -0.078414 -0.46515 0.61895 -0.44519 -0.87504 0.56701 0.49514 -0.21485 -0.83541 -0.29613 -0.28876 0.53828 0.43055 -0.057304 0.71466 -0.17082 -0.30146 -0.80056 -0.21391 0.41419 -0.37661 0.58611 0.87291 -0.87558 0.41582 0.36177 0.73332 -1.2614 2.5127 0.72621 -0.26803 0.41676 -0.32908 -0.084007 0.69154 0.10406 0.078041 0.38302 -0.52088 -0.09671 -0.48499 0.8369 -0.21648 -0.6175 0.28083 -1.5188 -0.36781 0.27547
walked -0.10926 0.047737 0.21253 -0.39287 1.3565 -0.25349 -1.5865 0.97751 -0.35614 -0.60663 -0.6507 -0.50638 -0.85884 0.77379 0.21754 -0.69561 -0.063985 -0.27076 -0.25315 -0.85065 -0.31324 0.89262 -0.093204 -0.067514 0.33944 -1.166 1.1361 0.84873 0.29526 -1.3572 1.8578 0.29875 0.13249 0.64662 -0.17327 -0.13654 0.41622 0.27831 0.35098 0.79082 -0.64375 0.45849 -0.61147 0.36344 0.14084 -0.77878 -0.56598 -1.2209 -0.61706 -0.27368
water 0.53507 0.5761 -0.054351 -0.208 -0.7882 -0.17592 -0.21255 -0.14388 1.0344 -0.079253 0.27696 0.37951 1.2139 -0.34032 -0.18118 0.72968 0.89373 0.82912 -0.88932 -1.4071 0.55571 -0.017453 1.2524 -0.57916 0.43 -0.77935 0.4977 1.2746 1.0448 0.36433 3.7921 0.083653 -0.45044 -0.063996 -0.19866 0.75252 -0.27811 0.42783 1.4755 0.37735 0.079519 0.024462 0.5013 0.33565 0.051406 0.39879 -0.35603 -0.78654 0.61563 -0.95478
wolf 0.34148 0.11925 -0.073513 -0.16792 0.48854 0.74276 -1.1288 -0.31763 0.077274 -0.82834 0.1078 0.45457 0.38211 0.37309 0.44625 -0.24256 0.91571 0.15676 -1.4355 -0.085898 -0.47887 -0.52017 0.34586 0.00036795 0.32528 -1.0936 -0.77271 0.089089 -0.29236 -0.45702 0.82996 -0.46237 -0.34342 0.057801 -0.69291 -0.35209 -0.23425 -0.8055 0.45333 -0.077282 -0.040126 0.33561 -0.55783 -0.24339 0.74876 -0.48417 0.22076 -0.48134 -0.4685 0.67534
woman -0.18153 0.64827 -0.5821 -0.49451 1.5415 1.345 -0.43305 0.58059 0.35556 -0.25184 0.20254 -0.71643 0.3061 0.56127 0.83928 -0.38085 -0.90875 0.43326 -0.014436 0.23725 -0.53799 1.7773 -0.066433 0.69795 0.69291 -2.6739 -0.76805 0.33929 0.19695 -0.35245 2.292 -0.27411 -0.30169 0.00085286 0.16923 0.091433 -0.02361 0.036236 0.34488 -0.83947 -0.25174 0.42123 0.48616 0.022325 0.5576 -0.85223 -0.23073 -1.3138 0.48764 -0.10467
yellow -0.18063 0.76194 -0.53856 0.07822 0.3489 0.38896 -0.51983 -0.66888 0.26164 -0.60095 0.39925 -0.093446 0.67184 0.011413 -0.24516 -0.52065 -0.67089 -0.21113 -0.89741 -1.4743 -1.2168 -1.0192 0.8226 -0.37338 -0.53138 -0.80159 -0.15924 1.9076 0.31224 -0.83472 2.2394 0.31135 -0.21577 0.17477 -0.15223 0.4988 -0.040134 -0.083109 -0.38235 -0.37043 0.50065 0.33966 -0.31732 -0.55932 1.0067 -0.26329 0.26995 -1.0854 0.47641 -1.1853
